Month,New Reports,Processed Reports,Backlog,Capacity,Actual Processed
3,37,1,36,196.56228554933398,11.764691155249594
4,36,1,71,196.56228554933398,5.936685549294758
5,48,1,118,196.56228554933398,10.41317595880089
6,41,0,159,196.56228554933398,0
7,47,1,205,196.56228554933398,17.320776492851905
8,37,1,241,196.56228554933398,91.31893486781048
9,29,2,268,196.56228554933398,20.756312232548616
10,37,0,305,196.56228554933398,0
11,38,1,342,196.56228554933398,22.09237220969511
12,38,1,379,196.56228554933398,4.193317587177125
13,36,0,415,196.56228554933398,0
14,38,1,452,196.56228554933398,10.141521322209453

Total Reports,462
Total Processed,10
Final Backlog,452

Processed Report Details
Month,Source,Risk Type,Supervision Cost,Accessibility,Potential Damage,Priority
3,crowdsourcing,bias,11.764691155249594,0.3818638392068547,1722.739317983227,6.49049869878526
4,community,privacy,5.936685549294758,0.5940436394221494,1023.4437584733763,6.411769424197544
5,expert,interpretability,10.41317595880089,0.09428194615414368,6315.040099786983,6.390901976287388
7,expert,ethical,17.320776492851905,0.6699757718960608,909.4440582424477,6.413959626757762
8,expert,long-term societal impact,91.31893486781048,0.6092708356683156,2683.066423824954,7.39983475996043
9,community,privacy,7.430067594372388,0.9345576576766645,1887.9107228685093,7.47611072068014
9,crowdsourcing,bias,13.326244638176227,0.47142928963109715,1634.8715101645257,6.648629972499881
11,expert,security,22.09237220969511,0.5270895643859308,1159.4409256869412,6.416943391683998
12,crowdsourcing,misinformation,4.193317587177125,0.8397127268449708,2159.444196777543,7.503462038604494
14,expert,AI alignment,10.141521322209453,0.5396973622327517,2980.1825565681875,7.383614645354914
